0	-0.026477	-0.000500	-0.001167	0.000000	0.000000	-0.750000
1	-0.026963	0.000207	-0.000293	0.000000	0.000000	-0.747500
2	-0.027029	0.000486	-0.001459	0.000000	0.000000	-0.745000
3	-0.027176	0.000174	-0.000733	0.000000	0.000000	-0.742500
4	-0.025075	0.000591	-0.003425	0.000000	0.000000	-0.740000
5	-0.028155	0.000820	-0.000270	0.000000	0.000000	-0.737500
6	-0.028944	0.001100	-0.000714	0.000000	0.000000	-0.735000
7	-0.029128	0.000409	-0.000151	0.000000	0.000000	-0.732500
8	-0.029201	0.000388	0.000371	0.000000	0.000000	-0.730000
9	-0.029498	0.002133	0.001652	0.000000	0.000000	-0.727500
10	-0.029343	0.000233	0.000872	0.000000	0.000000	-0.725000
11	-0.032144	-0.000287	0.001563	0.000000	0.000000	-0.722500
12	-0.032058	-0.000114	0.001647	0.000000	0.000000	-0.720000
13	-0.031629	-0.000742	-0.000575	0.000000	0.000000	-0.717500
14	-0.031768	-0.000293	-0.001222	0.000000	0.000000	-0.715000
15	-0.031885	-0.000524	0.000109	0.000000	0.000000	-0.712500
16	-0.032116	-0.001286	-0.001613	0.000000	0.000000	-0.710000
17	-0.034914	-0.000851	-0.001095	0.000000	0.000000	-0.707500
18	-0.034864	-0.002246	-0.001511	0.000000	0.000000	-0.705000
19	-0.035394	-0.001347	-0.000435	0.000000	0.000000	-0.702500
20	-0.034072	-0.000999	0.000241	0.000000	0.000000	-0.700000
21	-0.035601	-0.002937	0.003153	0.000000	0.000000	-0.697500
22	-0.036191	-0.000420	0.001548	0.000000	0.000000	-0.695000
23	-0.036610	0.000231	0.000302	0.000000	0.000000	-0.692500
24	-0.036908	-0.000200	0.001558	0.000000	0.000000	-0.690000
25	-0.036912	0.000758	0.002661	0.000000	0.000000	-0.687500
26	-0.036537	-0.000370	0.000220	0.000000	0.000000	-0.685000
27	-0.036951	-0.000375	0.001314	0.000000	0.000000	-0.682500
28	-0.037985	-0.001615	-0.000857	0.000000	0.000000	-0.680000
29	-0.036342	0.000172	0.002453	0.000000	0.000000	-0.677500
30	-0.039323	-0.000485	-0.003660	0.000000	0.000000	-0.675000
31	-0.039330	0.000495	-0.002496	0.000000	0.000000	-0.672500
32	-0.039039	-0.000213	-0.000431	0.000000	0.000000	-0.670000
33	-0.039141	0.001559	-0.001096	0.000000	0.000000	-0.667500
34	-0.040449	0.000438	-0.002233	0.000000	0.000000	-0.665000
35	-0.040773	0.001313	-0.002066	0.000000	0.000000	-0.662500
36	-0.039805	0.001328	-0.004180	0.000000	0.000000	-0.660000
37	-0.038540	-0.000984	-0.005331	0.000000	0.000000	-0.657500
38	-0.044051	0.000818	0.000456	0.000000	0.000000	-0.655000
39	-0.040986	0.000522	-0.005536	0.000000	0.000000	-0.652500
40	-0.044988	-0.000188	0.000644	0.000000	0.000000	-0.650000
41	-0.045572	0.000172	-0.000670	0.000000	0.000000	-0.647500
42	-0.044454	0.000714	0.003713	0.000000	0.000000	-0.645000
43	-0.044342	0.001455	0.004162	0.000000	0.000000	-0.642500
44	-0.048178	-0.000352	0.000318	0.000000	0.000000	-0.640000
45	-0.049321	0.001124	0.001727	0.000000	0.000000	-0.637500
46	-0.049560	-0.001559	-0.001656	0.000000	0.000000	-0.635000
47	-0.049332	-0.001308	0.002430	0.000000	0.000000	-0.632500
48	-0.050122	-0.001279	-0.000221	0.000000	0.000000	-0.630000
49	-0.054675	-0.002318	-0.003297	0.000000	0.000000	-0.627500
50	-0.053445	-0.001771	-0.003365	0.000000	0.000000	-0.625000
51	-0.052426	-0.001531	-0.000094	0.000000	0.000000	-0.622500
52	-0.054775	-0.000653	0.000390	0.000000	0.000000	-0.620000
53	-0.054743	-0.001598	0.002575	0.000000	0.000000	-0.617500
54	-0.056023	-0.001402	0.001339	0.000000	0.000000	-0.615000
55	-0.056215	-0.000527	0.004754	0.000000	0.000000	-0.612500
56	-0.055960	-0.000568	0.004166	0.000000	0.000000	-0.610000
57	-0.056790	-0.003339	0.004060	0.000000	0.000000	-0.607500
58	-0.056314	-0.000204	0.005631	0.000000	0.000000	-0.605000
59	-0.056989	-0.002992	0.003606	0.000000	0.000000	-0.602500
60	-0.057059	0.000679	0.002287	0.000000	0.000000	-0.600000
61	-0.057524	0.000840	0.005827	0.000000	0.000000	-0.597500
62	-0.060754	-0.000369	-0.000516	0.000000	0.000000	-0.595000
63	-0.062606	0.002547	0.002025	0.000000	0.000000	-0.592500
64	-0.061720	0.000544	-0.000549	0.000000	0.000000	-0.590000
65	-0.061493	-0.000010	0.000931	0.000000	0.000000	-0.587500
66	-0.070667	0.002902	0.003879	0.000000	0.000000	-0.585000
67	-0.069382	-0.000216	0.003131	0.000000	0.000000	-0.582500
68	-0.070914	0.000018	0.002789	0.000000	0.000000	-0.580000
69	-0.069694	-0.001122	0.005137	0.000000	0.000000	-0.577500
70	-0.072177	-0.000847	0.003296	0.000000	0.000000	-0.575000
71	-0.071939	0.000227	0.003954	0.000000	0.000000	-0.572500
72	-0.073346	0.001027	0.003773	0.000000	0.000000	-0.570000
73	-0.069053	0.001176	0.003290	0.000000	0.000000	-0.567500
74	-0.067984	-0.002207	0.003941	0.000000	0.000000	-0.565000
75	-0.069331	-0.000751	0.005863	0.000000	0.000000	-0.562500
76	-0.077635	-0.000129	0.005218	0.000000	0.000000	-0.560000
77	-0.078871	-0.000012	0.005628	0.000000	0.000000	-0.557500
78	-0.078455	-0.001930	0.008560	0.000000	0.000000	-0.555000
79	-0.080635	-0.000848	0.005910	0.000000	0.000000	-0.552500
80	-0.081966	-0.001971	0.007242	0.000000	0.000000	-0.550000
81	-0.081700	-0.000684	0.005372	0.000000	0.000000	-0.547500
82	-0.084891	0.000034	0.006214	0.000000	0.000000	-0.545000
83	-0.087285	0.001765	0.002146	0.000000	0.000000	-0.542500
84	-0.090357	0.001111	0.002881	0.000000	0.000000	-0.540000
85	-0.089947	0.000999	-0.001556	0.000000	0.000000	-0.537500
86	-0.088584	0.001159	0.003277	0.000000	0.000000	-0.535000
87	-0.089740	0.001335	0.003300	0.000000	0.000000	-0.532500
88	-0.089359	0.000281	0.001347	0.000000	0.000000	-0.530000
89	-0.091595	0.000180	0.001539	0.000000	0.000000	-0.527500
90	-0.094385	0.000546	-0.006966	0.000000	0.000000	-0.525000
91	-0.094087	0.001059	-0.005194	0.000000	0.000000	-0.522500
92	-0.089521	0.000677	0.000665	0.000000	0.000000	-0.520000
93	-0.094329	0.001656	0.008094	0.000000	0.000000	-0.517500
94	-0.087398	-0.001459	0.013672	0.000000	0.000000	-0.515000
95	-0.101219	-0.001904	0.001008	0.000000	0.000000	-0.512500
96	-0.095643	-0.004742	0.016460	0.000000	0.000000	-0.510000
97	-0.106176	-0.003109	0.009868	0.000000	0.000000	-0.507500
98	-0.108422	0.000087	0.008694	0.000000	0.000000	-0.505000
99	-0.110493	-0.001358	0.000031	0.000000	0.000000	-0.502500
100	-0.112619	-0.008368	0.002160	0.000000	0.000000	-0.500000
101	-0.113105	-0.001854	0.002056	0.000000	0.000000	-0.497500
102	-0.113270	-0.002170	0.004498	0.000000	0.000000	-0.495000
103	-0.113146	0.014357	0.001095	0.000000	0.000000	-0.492500
104	-0.114177	-0.002983	-0.001139	0.000000	0.000000	-0.490000
105	-0.114939	0.001914	-0.004836	0.000000	0.000000	-0.487500
106	-0.127589	0.003271	0.001125	0.000000	0.000000	-0.485000
107	-0.118067	0.000193	-0.005377	0.000000	0.000000	-0.482500
108	-0.116264	-0.000333	-0.004227	0.000000	0.000000	-0.480000
109	-0.122985	0.000418	-0.005752	0.000000	0.000000	-0.477500
110	-0.140972	0.000069	0.000437	0.000000	0.000000	-0.475000
111	-0.133572	0.008579	-0.010830	0.000000	0.000000	-0.472500
112	-0.144220	-0.001337	0.004297	0.000000	0.000000	-0.470000
113	-0.144304	-0.000947	0.003867	0.000000	0.000000	-0.467500
114	-0.146024	-0.003991	0.009953	0.000000	0.000000	-0.465000
115	-0.147610	-0.002457	0.007303	0.000000	0.000000	-0.462500
116	-0.147539	-0.000783	0.001631	0.000000	0.000000	-0.460000
117	-0.151411	-0.000960	0.002278	0.000000	0.000000	-0.457500
118	-0.151591	-0.000371	0.000952	0.000000	0.000000	-0.455000
119	-0.153060	-0.001368	0.004358	0.000000	0.000000	-0.452500
120	-0.153421	-0.001710	-0.002041	0.000000	0.000000	-0.450000
121	-0.154963	-0.001435	0.002623	0.000000	0.000000	-0.447500
122	-0.155219	-0.002289	-0.001924	0.000000	0.000000	-0.445000
123	-0.152799	-0.004267	-0.009809	0.000000	0.000000	-0.442500
124	-0.157874	-0.003385	-0.008495	0.000000	0.000000	-0.440000
125	-0.187000	-0.002023	-0.004148	0.000000	0.000000	-0.437500
126	-0.182658	0.001228	-0.000183	0.000000	0.000000	-0.435000
127	-0.183264	-0.004284	0.011762	0.000000	0.000000	-0.432500
128	-0.201434	-0.000026	0.008417	0.000000	0.000000	-0.430000
129	-0.204811	0.002352	0.013117	0.000000	0.000000	-0.427500
130	-0.200778	0.001979	0.019594	0.000000	0.000000	-0.425000
131	-0.202422	-0.000383	0.015310	0.000000	0.000000	-0.422500
132	-0.186885	-0.005153	-0.006689	0.000000	0.000000	-0.420000
133	-0.184984	-0.000469	0.000927	0.000000	0.000000	-0.417500
134	-0.195184	-0.001138	-0.011656	0.000000	0.000000	-0.415000
135	-0.222242	-0.001391	0.018098	0.000000	0.000000	-0.412500
136	-0.226031	-0.008416	0.017078	0.000000	0.000000	-0.410000
137	-0.226959	-0.008713	0.012112	0.000000	0.000000	-0.407500
138	-0.230206	-0.001675	0.009837	0.000000	0.000000	-0.405000
139	-0.230788	-0.003083	0.009058	0.000000	0.000000	-0.402500
140	-0.233142	-0.001613	-0.000926	0.000000	0.000000	-0.400000
141	-0.232464	-0.005296	-0.004864	0.000000	0.000000	-0.397500
142	-0.239098	-0.004825	0.001522	0.000000	0.000000	-0.395000
143	-0.234835	-0.004098	-0.002880	0.000000	0.000000	-0.392500
144	-0.236530	-0.006233	-0.002954	0.000000	0.000000	-0.390000
145	-0.241478	-0.000638	0.001044	0.000000	0.000000	-0.387500
146	-0.241630	-0.006396	0.003824	0.000000	0.000000	-0.385000
147	-0.246892	0.005429	0.010128	0.000000	0.000000	-0.382500
148	-0.247603	0.000203	0.025516	0.000000	0.000000	-0.380000
149	-0.250255	-0.009678	0.026785	0.000000	0.000000	-0.377500
150	-0.255422	-0.003139	0.023916	0.000000	0.000000	-0.375000
151	-0.257247	-0.005398	0.035698	0.000000	0.000000	-0.372500
152	-0.256480	-0.005063	0.025925	0.000000	0.000000	-0.370000
153	-0.282677	-0.003914	-0.012574	0.000000	0.000000	-0.367500
154	-0.282917	-0.003572	-0.011965	0.000000	0.000000	-0.365000
155	-0.285758	-0.010909	-0.008114	0.000000	0.000000	-0.362500
156	-0.269245	-0.002616	0.023191	0.000000	0.000000	-0.360000
157	-0.292646	0.001617	0.004670	0.000000	0.000000	-0.357500
158	-0.297257	0.007494	-0.005007	0.000000	0.000000	-0.355000
159	-0.298721	0.027641	-0.001850	0.000000	0.000000	-0.352500
160	-0.303756	0.010935	0.005295	0.000000	0.000000	-0.350000
161	-0.316372	0.015895	0.006349	0.000000	0.000000	-0.347500
162	-0.299913	0.019065	-0.005072	0.000000	0.000000	-0.345000
163	-0.310224	0.005773	-0.003612	0.000000	0.000000	-0.342500
164	-0.348946	0.001367	0.012682	0.000000	0.000000	-0.340000
165	-0.347088	0.004240	0.017026	0.000000	0.000000	-0.337500
166	-0.357216	0.004685	0.017186	0.000000	0.000000	-0.335000
167	-0.361248	0.002871	0.007849	0.000000	0.000000	-0.332500
168	-0.358801	0.000207	0.014251	0.000000	0.000000	-0.330000
169	-0.373538	-0.010808	0.034843	0.000000	0.000000	-0.327500
170	-0.375375	-0.006098	0.032220	0.000000	0.000000	-0.325000
171	-0.369970	0.006206	0.022108	0.000000	0.000000	-0.322500
172	-0.385504	-0.000876	0.033163	0.000000	0.000000	-0.320000
173	-0.386632	0.002484	0.017324	0.000000	0.000000	-0.317500
174	-0.384409	-0.005713	0.020668	0.000000	0.000000	-0.315000
175	-0.398950	0.016012	0.031697	0.000000	0.000000	-0.312500
176	-0.399664	0.006757	0.018995	0.000000	0.000000	-0.310000
177	-0.403295	-0.003752	0.013817	0.000000	0.000000	-0.307500
178	-0.402870	0.004129	0.012913	0.000000	0.000000	-0.305000
179	-0.414377	0.016136	-0.019068	0.000000	0.000000	-0.302500
180	-0.413757	0.010674	-0.020626	0.000000	0.000000	-0.300000
181	-0.419911	0.001970	0.004043	0.000000	0.000000	-0.297500
182	-0.426132	0.015685	-0.003880	0.000000	0.000000	-0.295000
183	-0.402291	0.001985	0.025315	0.000000	0.000000	-0.292500
184	-0.406314	-0.008505	0.048151	0.000000	0.000000	-0.290000
185	-0.411179	-0.000776	0.045604	0.000000	0.000000	-0.287500
186	-0.408492	-0.001864	0.035929	0.000000	0.000000	-0.285000
187	-0.417198	-0.021602	0.056540	0.000000	0.000000	-0.282500
188	-0.408671	-0.005085	0.051388	0.000000	0.000000	-0.280000
189	-0.410392	-0.011019	0.048246	0.000000	0.000000	-0.277500
190	-0.502718	0.009179	0.023714	0.000000	0.000000	-0.275000
191	-0.521609	0.018310	0.020510	0.000000	0.000000	-0.272500
192	-0.509204	-0.013509	0.031425	0.000000	0.000000	-0.270000
193	-0.533990	0.007814	0.024862	0.000000	0.000000	-0.267500
194	-0.533085	0.019504	0.015688	0.000000	0.000000	-0.265000
195	-0.532739	0.014221	0.013889	0.000000	0.000000	-0.262500
196	-0.534396	0.010150	0.014655	0.000000	0.000000	-0.260000
197	-0.546285	-0.007494	0.020093	0.000000	0.000000	-0.257500
198	-0.538879	0.006558	0.010871	0.000000	0.000000	-0.255000
199	-0.527039	0.000929	-0.013750	0.000000	0.000000	-0.252500
200	-0.509577	0.012823	0.019916	0.000000	0.000000	-0.250000
201	-0.557773	0.020320	0.001166	0.000000	0.000000	-0.247500
202	-0.554922	0.011594	-0.003309	0.000000	0.000000	-0.245000
203	-0.556128	0.006772	0.008472	0.000000	0.000000	-0.242500
204	-0.557742	0.006663	0.008980	0.000000	0.000000	-0.240000
205	-0.558765	0.004471	0.001267	0.000000	0.000000	-0.237500
206	-0.562439	0.002496	-0.000134	0.000000	0.000000	-0.235000
207	-0.562899	0.005545	-0.011355	0.000000	0.000000	-0.232500
208	-0.557412	0.006441	-0.013388	0.000000	0.000000	-0.230000
209	-0.559814	-0.000300	-0.007329	0.000000	0.000000	-0.227500
210	-0.569041	0.007445	-0.005025	0.000000	0.000000	-0.225000
211	-0.568961	0.009865	-0.009042	0.000000	0.000000	-0.222500
212	-0.577088	-0.005093	-0.010336	0.000000	0.000000	-0.220000
213	-0.577547	-0.005987	-0.004699	0.000000	0.000000	-0.217500
214	-0.577275	-0.007453	0.001976	0.000000	0.000000	-0.215000
215	-0.583710	0.003203	0.000488	0.000000	0.000000	-0.212500
216	-0.595776	0.010337	-0.013092	0.000000	0.000000	-0.210000
217	-0.596220	0.002490	-0.007894	0.000000	0.000000	-0.207500
218	-0.628975	0.001183	-0.031184	0.000000	0.000000	-0.205000
219	-0.611116	0.005154	-0.019132	0.000000	0.000000	-0.202500
220	-0.612301	0.006093	-0.021432	0.000000	0.000000	-0.200000
221	-0.615568	-0.002337	0.012328	0.000000	0.000000	-0.197500
222	-0.615038	0.003064	-0.000625	0.000000	0.000000	-0.195000
223	-0.620814	0.010719	-0.005349	0.000000	0.000000	-0.192500
224	-0.623365	0.009039	0.010140	0.000000	0.000000	-0.190000
225	-0.619918	0.012698	0.012010	0.000000	0.000000	-0.187500
226	-0.642269	-0.007414	0.011969	0.000000	0.000000	-0.185000
227	-0.654687	-0.012956	0.009838	0.000000	0.000000	-0.182500
228	-0.655363	-0.001447	0.009764	0.000000	0.000000	-0.180000
229	-0.645291	-0.014108	-0.020075	0.000000	0.000000	-0.177500
230	-0.629604	0.013442	0.006587	0.000000	0.000000	-0.175000
231	-0.630026	0.012590	0.013301	0.000000	0.000000	-0.172500
232	-0.632241	0.012814	0.023017	0.000000	0.000000	-0.170000
233	-0.662031	-0.004398	0.017283	0.000000	0.000000	-0.167500
234	-0.632923	-0.005832	0.012585	0.000000	0.000000	-0.165000
235	-0.632703	0.005571	0.017853	0.000000	0.000000	-0.162500
236	-0.633610	0.006268	0.018275	0.000000	0.000000	-0.160000
237	-0.636746	0.006539	0.009448	0.000000	0.000000	-0.157500
238	-0.658293	-0.001870	0.008450	0.000000	0.000000	-0.155000
239	-0.652429	-0.003817	0.011568	0.000000	0.000000	-0.152500
240	-0.649084	0.000416	0.032747	0.000000	0.000000	-0.150000
241	-0.653446	-0.005953	0.014341	0.000000	0.000000	-0.147500
242	-0.690962	-0.002781	-0.008772	0.000000	0.000000	-0.145000
243	-0.690120	0.006664	-0.003610	0.000000	0.000000	-0.142500
244	-0.689415	-0.001761	-0.004150	0.000000	0.000000	-0.140000
245	-0.688852	0.000863	-0.015641	0.000000	0.000000	-0.137500
246	-0.688856	-0.000197	-0.012042	0.000000	0.000000	-0.135000
247	-0.669108	-0.004495	0.017069	0.000000	0.000000	-0.132500
248	-0.668152	0.000181	0.006275	0.000000	0.000000	-0.130000
249	-0.689821	0.010881	-0.011330	0.000000	0.000000	-0.127500
250	-0.700696	0.000394	0.003517	0.000000	0.000000	-0.125000
251	-0.709173	-0.008544	0.000129	0.000000	0.000000	-0.122500
252	-0.712021	-0.013274	-0.003693	0.000000	0.000000	-0.120000
253	-0.712743	-0.009427	-0.008428	0.000000	0.000000	-0.117500
254	-0.684635	-0.000528	0.005849	0.000000	0.000000	-0.115000
255	-0.691805	0.000656	0.010087	0.000000	0.000000	-0.112500
256	-0.692982	-0.000050	0.008013	0.000000	0.000000	-0.110000
257	-0.686677	-0.002513	-0.000391	0.000000	0.000000	-0.107500
258	-0.686410	-0.004565	0.001252	0.000000	0.000000	-0.105000
259	-0.692977	-0.001524	0.005675	0.000000	0.000000	-0.102500
260	-0.701485	-0.008225	-0.005873	0.000000	0.000000	-0.100000
261	-0.692804	-0.002721	0.012928	0.000000	0.000000	-0.097500
262	-0.697466	-0.018762	-0.003758	0.000000	0.000000	-0.095000
263	-0.701126	-0.014496	-0.011167	0.000000	0.000000	-0.092500
264	-0.710536	-0.021477	-0.002759	0.000000	0.000000	-0.090000
265	-0.715665	-0.017879	-0.005414	0.000000	0.000000	-0.087500
266	-0.708517	-0.012479	-0.003423	0.000000	0.000000	-0.085000
267	-0.707627	-0.017090	-0.009535	0.000000	0.000000	-0.082500
268	-0.697993	-0.014181	-0.010572	0.000000	0.000000	-0.080000
269	-0.707707	-0.017921	-0.005558	0.000000	0.000000	-0.077500
270	-0.709946	-0.009887	0.010754	0.000000	0.000000	-0.075000
271	-0.708515	-0.016520	0.006443	0.000000	0.000000	-0.072500
272	-0.705208	-0.021362	0.009118	0.000000	0.000000	-0.070000
273	-0.701383	-0.005294	0.001003	0.000000	0.000000	-0.067500
274	-0.702525	-0.004715	0.002110	0.000000	0.000000	-0.065000
275	-0.701814	-0.007340	0.002248	0.000000	0.000000	-0.062500
276	-0.703108	-0.003071	0.000908	0.000000	0.000000	-0.060000
277	-0.702352	-0.005411	0.002188	0.000000	0.000000	-0.057500
278	-0.700881	-0.005024	0.000570	0.000000	0.000000	-0.055000
279	-0.700994	-0.002564	-0.001264	0.000000	0.000000	-0.052500
280	-0.704498	-0.005854	0.001944	0.000000	0.000000	-0.050000
281	-0.703495	-0.005118	0.002983	0.000000	0.000000	-0.047500
282	-0.710537	-0.006517	0.010416	0.000000	0.000000	-0.045000
283	-0.706780	-0.006092	0.013521	0.000000	0.000000	-0.042500
284	-0.706540	-0.004897	0.009971	0.000000	0.000000	-0.040000
285	-0.695614	0.005134	-0.013636	0.000000	0.000000	-0.037500
286	-0.695368	0.001694	-0.011739	0.000000	0.000000	-0.035000
287	-0.707659	-0.004469	0.008674	0.000000	0.000000	-0.032500
288	-0.707505	-0.002927	0.001743	0.000000	0.000000	-0.030000
289	-0.704435	-0.005059	0.002877	0.000000	0.000000	-0.027500
290	-0.708881	-0.001952	0.002904	0.000000	0.000000	-0.025000
291	-0.706277	-0.015260	0.002596	0.000000	0.000000	-0.022500
292	-0.705580	-0.004064	0.006460	0.000000	0.000000	-0.020000
293	-0.700425	-0.001431	0.006868	0.000000	0.000000	-0.017500
294	-0.702584	0.000147	0.007451	0.000000	0.000000	-0.015000
295	-0.703059	0.001505	0.008982	0.000000	0.000000	-0.012500
296	-0.703789	-0.004726	-0.011843	0.000000	0.000000	-0.010000
297	-0.707129	-0.003750	-0.017969	0.000000	0.000000	-0.007500
298	-0.713160	0.001590	-0.007026	0.000000	0.000000	-0.005000
299	-0.715080	0.000500	-0.007456	0.000000	0.000000	-0.002500
300	-0.698965	-0.008981	0.006192	0.000000	0.000000	0.000000
301	-0.701553	-0.006369	0.006621	0.000000	0.000000	0.002500
302	-0.700902	-0.005410	0.003181	0.000000	0.000000	0.005000
303	-0.701059	-0.004973	-0.001965	0.000000	0.000000	0.007500
304	-0.698963	-0.000930	-0.002105	0.000000	0.000000	0.010000
305	-0.718014	-0.009847	0.008281	0.000000	0.000000	0.012500
306	-0.720551	-0.000597	0.005210	0.000000	0.000000	0.015000
307	-0.719998	-0.004217	0.007655	0.000000	0.000000	0.017500
308	-0.722621	-0.003206	0.002848	0.000000	0.000000	0.020000
309	-0.715739	-0.003306	0.005608	0.000000	0.000000	0.022500
310	-0.719915	-0.002752	-0.000161	0.000000	0.000000	0.025000
311	-0.706390	0.003030	0.001869	0.000000	0.000000	0.027500
312	-0.705925	0.003546	-0.000229	0.000000	0.000000	0.030000
313	-0.705071	0.002246	0.001910	0.000000	0.000000	0.032500
314	-0.704332	0.002630	0.002178	0.000000	0.000000	0.035000
315	-0.705349	0.001765	-0.001115	0.000000	0.000000	0.037500
316	-0.705494	0.004370	0.003463	0.000000	0.000000	0.040000
317	-0.705333	0.002252	-0.002467	0.000000	0.000000	0.042500
318	-0.704049	0.003306	-0.001129	0.000000	0.000000	0.045000
319	-0.702619	0.000140	-0.000568	0.000000	0.000000	0.047500
320	-0.703980	0.000797	0.001062	0.000000	0.000000	0.050000
321	-0.704095	0.001789	0.002067	0.000000	0.000000	0.052500
322	-0.704621	0.002038	0.003343	0.000000	0.000000	0.055000
323	-0.702513	0.001453	0.002110	0.000000	0.000000	0.057500
324	-0.702577	0.002057	0.001966	0.000000	0.000000	0.060000
325	-0.702462	0.003340	0.002819	0.000000	0.000000	0.062500
326	-0.703144	0.003285	0.005056	0.000000	0.000000	0.065000
327	-0.703602	0.000529	0.002546	0.000000	0.000000	0.067500
328	-0.705954	-0.001477	0.010262	0.000000	0.000000	0.070000
329	-0.707542	0.004109	0.013487	0.000000	0.000000	0.072500
330	-0.709050	-0.000176	0.003997	0.000000	0.000000	0.075000
331	-0.704656	0.000234	0.010141	0.000000	0.000000	0.077500
332	-0.706527	-0.001600	0.007201	0.000000	0.000000	0.080000
333	-0.705018	0.000962	0.008876	0.000000	0.000000	0.082500
334	-0.697595	0.000158	0.000394	0.000000	0.000000	0.085000
335	-0.681220	-0.001034	0.010630	0.000000	0.000000	0.087500
336	-0.685740	-0.002391	0.002768	0.000000	0.000000	0.090000
337	-0.663050	-0.010924	0.004693	0.000000	0.000000	0.092500
338	-0.674876	-0.005429	0.002576	0.000000	0.000000	0.095000
339	-0.661828	0.004220	0.000559	0.000000	0.000000	0.097500
340	-0.670481	0.009320	0.001404	0.000000	0.000000	0.100000
341	-0.669612	0.006752	-0.009784	0.000000	0.000000	0.102500
342	-0.667303	0.002537	-0.004960	0.000000	0.000000	0.105000
343	-0.671713	0.000277	-0.020575	0.000000	0.000000	0.107500
344	-0.663390	0.003156	-0.010314	0.000000	0.000000	0.110000
345	-0.661903	-0.001410	-0.008805	0.000000	0.000000	0.112500
346	-0.671801	-0.001123	-0.007990	0.000000	0.000000	0.115000
347	-0.660684	0.015769	-0.001565	0.000000	0.000000	0.117500
348	-0.656900	0.021347	-0.003115	0.000000	0.000000	0.120000
349	-0.686234	0.002087	-0.001967	0.000000	0.000000	0.122500
350	-0.683746	-0.001771	0.000726	0.000000	0.000000	0.125000
351	-0.681287	-0.002219	-0.006726	0.000000	0.000000	0.127500
352	-0.678044	-0.003208	-0.002292	0.000000	0.000000	0.130000
353	-0.678638	0.001665	-0.000255	0.000000	0.000000	0.132500
354	-0.678680	-0.002929	0.002791	0.000000	0.000000	0.135000
355	-0.672812	0.002084	0.003325	0.000000	0.000000	0.137500
356	-0.667171	0.005411	-0.004363	0.000000	0.000000	0.140000
357	-0.665412	0.001393	-0.002397	0.000000	0.000000	0.142500
358	-0.665732	0.001745	-0.000520	0.000000	0.000000	0.145000
359	-0.662040	0.004696	-0.001916	0.000000	0.000000	0.147500
360	-0.663159	0.003509	-0.006983	0.000000	0.000000	0.150000
361	-0.661746	0.009200	-0.007811	0.000000	0.000000	0.152500
362	-0.661003	0.010166	-0.010429	0.000000	0.000000	0.155000
363	-0.660022	0.007422	-0.005108	0.000000	0.000000	0.157500
364	-0.661564	0.007483	-0.007236	0.000000	0.000000	0.160000
365	-0.658325	0.010677	0.000640	0.000000	0.000000	0.162500
366	-0.640230	0.001749	0.015041	0.000000	0.000000	0.165000
367	-0.639802	0.003599	0.013576	0.000000	0.000000	0.167500
368	-0.642594	0.007572	0.006912	0.000000	0.000000	0.170000
369	-0.654393	0.003570	-0.013406	0.000000	0.000000	0.172500
370	-0.633925	0.008671	0.008115	0.000000	0.000000	0.175000
371	-0.638160	0.003505	0.013068	0.000000	0.000000	0.177500
372	-0.638456	0.001151	0.007677	0.000000	0.000000	0.180000
373	-0.638066	0.004729	0.004601	0.000000	0.000000	0.182500
374	-0.629164	-0.005603	0.002110	0.000000	0.000000	0.185000
375	-0.628113	-0.001400	-0.001598	0.000000	0.000000	0.187500
376	-0.626995	-0.000703	-0.011970	0.000000	0.000000	0.190000
377	-0.627097	0.003562	-0.005716	0.000000	0.000000	0.192500
378	-0.626675	0.013383	-0.020568	0.000000	0.000000	0.195000
379	-0.624153	0.004827	-0.005478	0.000000	0.000000	0.197500
380	-0.610301	0.004558	-0.010746	0.000000	0.000000	0.200000
381	-0.609358	0.005349	-0.006659	0.000000	0.000000	0.202500
382	-0.603798	0.000241	-0.007031	0.000000	0.000000	0.205000
383	-0.601595	-0.005567	0.002833	0.000000	0.000000	0.207500
384	-0.604239	0.007413	0.010038	0.000000	0.000000	0.210000
385	-0.596173	-0.001232	0.000256	0.000000	0.000000	0.212500
386	-0.591790	0.001368	0.002745	0.000000	0.000000	0.215000
387	-0.596571	0.012784	-0.004344	0.000000	0.000000	0.217500
388	-0.594742	0.009040	0.006511	0.000000	0.000000	0.220000
389	-0.586843	0.014787	0.004548	0.000000	0.000000	0.222500
390	-0.586144	0.007866	0.002374	0.000000	0.000000	0.225000
391	-0.580807	0.012842	0.000887	0.000000	0.000000	0.227500
392	-0.607179	0.018631	0.018484	0.000000	0.000000	0.230000
393	-0.592049	0.024856	0.025155	0.000000	0.000000	0.232500
394	-0.591020	0.024274	0.021068	0.000000	0.000000	0.235000
395	-0.587641	0.016755	0.025339	0.000000	0.000000	0.237500
396	-0.580528	0.026351	0.032501	0.000000	0.000000	0.240000
397	-0.569091	0.010590	-0.015582	0.000000	0.000000	0.242500
398	-0.554566	0.007805	-0.012515	0.000000	0.000000	0.245000
399	-0.518858	0.013358	-0.009540	0.000000	0.000000	0.247500
400	-0.536363	-0.007592	-0.018693	0.000000	0.000000	0.250000
401	-0.542665	-0.000622	-0.012341	0.000000	0.000000	0.252500
402	-0.541421	-0.002264	-0.013696	0.000000	0.000000	0.255000
403	-0.547035	-0.011361	-0.010305	0.000000	0.000000	0.257500
404	-0.531676	-0.010263	-0.005905	0.000000	0.000000	0.260000
405	-0.524607	0.004767	-0.014187	0.000000	0.000000	0.262500
406	-0.527817	-0.000430	-0.029487	0.000000	0.000000	0.265000
407	-0.508885	0.008317	0.025863	0.000000	0.000000	0.267500
408	-0.530351	0.012551	0.007755	0.000000	0.000000	0.270000
409	-0.505086	0.004748	0.011577	0.000000	0.000000	0.272500
410	-0.507853	0.008116	0.025147	0.000000	0.000000	0.275000
411	-0.512838	0.019505	0.028449	0.000000	0.000000	0.277500
412	-0.492455	0.001371	0.006389	0.000000	0.000000	0.280000
413	-0.447476	0.017411	-0.020350	0.000000	0.000000	0.282500
414	-0.450039	0.019035	-0.025759	0.000000	0.000000	0.285000
415	-0.451752	0.013096	-0.026753	0.000000	0.000000	0.287500
416	-0.453187	0.009790	0.007528	0.000000	0.000000	0.290000
417	-0.450004	0.007904	-0.026879	0.000000	0.000000	0.292500
418	-0.417466	-0.001103	0.010949	0.000000	0.000000	0.295000
419	-0.413038	0.001158	0.005495	0.000000	0.000000	0.297500
420	-0.416430	0.008972	0.018438	0.000000	0.000000	0.300000
421	-0.413675	0.002630	0.012148	0.000000	0.000000	0.302500
422	-0.409093	0.011788	0.012509	0.000000	0.000000	0.305000
423	-0.406869	-0.003387	0.023761	0.000000	0.000000	0.307500
424	-0.404811	-0.000975	0.028340	0.000000	0.000000	0.310000
425	-0.404519	0.005488	0.036556	0.000000	0.000000	0.312500
426	-0.356588	-0.022153	-0.008973	0.000000	0.000000	0.315000
427	-0.361892	-0.005236	-0.010367	0.000000	0.000000	0.317500
428	-0.409773	0.009155	0.037610	0.000000	0.000000	0.320000
429	-0.360617	-0.016659	0.003008	0.000000	0.000000	0.322500
430	-0.352298	-0.007188	-0.025357	0.000000	0.000000	0.325000
431	-0.352623	-0.004647	-0.001907	0.000000	0.000000	0.327500
432	-0.350127	-0.005482	-0.002371	0.000000	0.000000	0.330000
433	-0.337058	-0.008361	-0.001127	0.000000	0.000000	0.332500
434	-0.335602	-0.009396	-0.002577	0.000000	0.000000	0.335000
435	-0.361262	-0.016326	0.025931	0.000000	0.000000	0.337500
436	-0.327589	-0.004462	-0.001645	0.000000	0.000000	0.340000
437	-0.326847	-0.007346	0.005510	0.000000	0.000000	0.342500
438	-0.323532	0.008762	0.017948	0.000000	0.000000	0.345000
439	-0.317753	-0.016732	-0.001035	0.000000	0.000000	0.347500
440	-0.315242	0.001161	-0.005361	0.000000	0.000000	0.350000
441	-0.315092	-0.008521	0.011892	0.000000	0.000000	0.352500
442	-0.291333	0.007724	0.017824	0.000000	0.000000	0.355000
443	-0.280607	0.004743	0.031073	0.000000	0.000000	0.357500
444	-0.285243	-0.003512	0.019480	0.000000	0.000000	0.360000
445	-0.281704	-0.003034	0.009541	0.000000	0.000000	0.362500
446	-0.268202	-0.010625	-0.031410	0.000000	0.000000	0.365000
447	-0.262034	-0.007350	-0.011175	0.000000	0.000000	0.367500
448	-0.261317	-0.021417	-0.015791	0.000000	0.000000	0.370000
449	-0.281619	-0.009244	0.021680	0.000000	0.000000	0.372500
450	-0.251475	-0.000992	0.002367	0.000000	0.000000	0.375000
451	-0.250040	-0.001023	0.001829	0.000000	0.000000	0.377500
452	-0.249902	-0.000553	0.005969	0.000000	0.000000	0.380000
453	-0.250963	0.008478	-0.010382	0.000000	0.000000	0.382500
454	-0.247932	-0.002383	-0.004550	0.000000	0.000000	0.385000
455	-0.241628	-0.001542	-0.012214	0.000000	0.000000	0.387500
456	-0.241772	0.003171	-0.019004	0.000000	0.000000	0.390000
457	-0.220565	-0.000382	0.015815	0.000000	0.000000	0.392500
458	-0.214656	-0.010442	0.011804	0.000000	0.000000	0.395000
459	-0.205295	0.016285	0.023330	0.000000	0.000000	0.397500
460	-0.190354	0.005177	0.025009	0.000000	0.000000	0.400000
461	-0.189880	0.002064	0.024029	0.000000	0.000000	0.402500
462	-0.199916	-0.003313	0.017221	0.000000	0.000000	0.405000
463	-0.200274	0.000152	0.016779	0.000000	0.000000	0.407500
464	-0.195936	-0.009594	0.023481	0.000000	0.000000	0.410000
465	-0.191665	-0.008741	0.017856	0.000000	0.000000	0.412500
466	-0.193461	0.004899	0.009911	0.000000	0.000000	0.415000
467	-0.192155	-0.000254	0.003291	0.000000	0.000000	0.417500
468	-0.198319	0.003272	-0.016761	0.000000	0.000000	0.420000
469	-0.182306	0.016942	0.029873	0.000000	0.000000	0.422500
470	-0.183743	0.016852	0.004430	0.000000	0.000000	0.425000
471	-0.178631	0.004884	0.002063	0.000000	0.000000	0.427500
472	-0.178870	-0.000341	-0.001786	0.000000	0.000000	0.430000
473	-0.178957	-0.000010	-0.002936	0.000000	0.000000	0.432500
474	-0.177127	0.001355	-0.005289	0.000000	0.000000	0.435000
475	-0.177340	0.001920	-0.006581	0.000000	0.000000	0.437500
476	-0.173272	0.002243	-0.005587	0.000000	0.000000	0.440000
477	-0.157386	-0.001384	0.016037	0.000000	0.000000	0.442500
478	-0.162080	0.002659	0.003462	0.000000	0.000000	0.445000
479	-0.162567	0.003754	0.002966	0.000000	0.000000	0.447500
480	-0.146898	-0.006101	-0.016917	0.000000	0.000000	0.450000
481	-0.146042	-0.002565	0.007119	0.000000	0.000000	0.452500
482	-0.144343	-0.001642	-0.007326	0.000000	0.000000	0.455000
483	-0.149887	-0.004850	-0.011490	0.000000	0.000000	0.457500
484	-0.149348	-0.003555	-0.003909	0.000000	0.000000	0.460000
485	-0.142135	-0.000593	-0.004688	0.000000	0.000000	0.462500
486	-0.145876	0.004153	0.008862	0.000000	0.000000	0.465000
487	-0.145768	0.004242	0.009443	0.000000	0.000000	0.467500
488	-0.152924	0.002355	0.003832	0.000000	0.000000	0.470000
489	-0.134951	-0.002563	-0.002826	0.000000	0.000000	0.472500
490	-0.137080	0.003391	0.000897	0.000000	0.000000	0.475000
491	-0.116288	-0.003316	-0.011235	0.000000	0.000000	0.477500
492	-0.106020	-0.011012	-0.018949	0.000000	0.000000	0.480000
493	-0.115467	-0.010500	-0.019281	0.000000	0.000000	0.482500
494	-0.117930	-0.006357	-0.004393	0.000000	0.000000	0.485000
495	-0.110242	0.004340	-0.016049	0.000000	0.000000	0.487500
496	-0.113602	-0.006507	-0.005196	0.000000	0.000000	0.490000
497	-0.103801	-0.005471	-0.008748	0.000000	0.000000	0.492500
498	-0.106005	-0.006516	-0.003807	0.000000	0.000000	0.495000
499	-0.105729	-0.003034	-0.006989	0.000000	0.000000	0.497500
500	-0.106946	-0.003568	-0.009134	0.000000	0.000000	0.500000
501	-0.106626	-0.004371	-0.008134	0.000000	0.000000	0.502500
502	-0.105853	-0.002316	-0.009692	0.000000	0.000000	0.505000
503	-0.101577	-0.004090	-0.010256	0.000000	0.000000	0.507500
504	-0.099907	0.001488	-0.010611	0.000000	0.000000	0.510000
505	-0.100035	0.001014	-0.008323	0.000000	0.000000	0.512500
506	-0.094393	-0.011123	-0.015928	0.000000	0.000000	0.515000
507	-0.096569	0.004274	-0.011280	0.000000	0.000000	0.517500
508	-0.092611	-0.002649	0.000287	0.000000	0.000000	0.520000
509	-0.093128	-0.002727	-0.000294	0.000000	0.000000	0.522500
510	-0.090940	-0.000228	0.001357	0.000000	0.000000	0.525000
511	-0.092131	-0.000132	0.002001	0.000000	0.000000	0.527500
512	-0.090330	-0.000484	0.001634	0.000000	0.000000	0.530000
513	-0.089934	-0.000556	0.003636	0.000000	0.000000	0.532500
514	-0.089908	0.000341	0.000705	0.000000	0.000000	0.535000
515	-0.088087	-0.000879	0.001491	0.000000	0.000000	0.537500
516	-0.080056	0.003006	-0.001795	0.000000	0.000000	0.540000
517	-0.080444	0.003694	-0.002918	0.000000	0.000000	0.542500
518	-0.080337	0.002622	-0.002069	0.000000	0.000000	0.545000
519	-0.077603	0.005534	-0.010384	0.000000	0.000000	0.547500
520	-0.079003	0.000064	0.002089	0.000000	0.000000	0.550000
521	-0.076459	0.001664	0.000548	0.000000	0.000000	0.552500
522	-0.079991	0.002730	0.002269	0.000000	0.000000	0.555000
523	-0.083091	0.004349	0.000702	0.000000	0.000000	0.557500
524	-0.078235	0.001187	0.002513	0.000000	0.000000	0.560000
525	-0.067594	0.000549	-0.008990	0.000000	0.000000	0.562500
526	-0.067101	0.002709	-0.009421	0.000000	0.000000	0.565000
527	-0.067137	0.004457	-0.011191	0.000000	0.000000	0.567500
528	-0.066505	0.001475	-0.011813	0.000000	0.000000	0.570000
529	-0.066751	0.002317	-0.004482	0.000000	0.000000	0.572500
530	-0.065797	0.001369	-0.008583	0.000000	0.000000	0.575000
531	-0.065625	0.001898	-0.008131	0.000000	0.000000	0.577500
532	-0.065616	0.001307	-0.003571	0.000000	0.000000	0.580000
533	-0.063473	-0.000351	0.001825	0.000000	0.000000	0.582500
534	-0.063612	0.001080	-0.001833	0.000000	0.000000	0.585000
535	-0.063658	0.001797	-0.001050	0.000000	0.000000	0.587500
536	-0.062582	0.001039	-0.000677	0.000000	0.000000	0.590000
537	-0.062250	-0.000024	-0.000139	0.000000	0.000000	0.592500
538	-0.062595	0.001193	0.001638	0.000000	0.000000	0.595000
539	-0.062130	0.001719	0.001797	0.000000	0.000000	0.597500
540	-0.062340	0.001214	0.001355	0.000000	0.000000	0.600000
541	-0.062141	0.000619	0.002624	0.000000	0.000000	0.602500
542	-0.062858	0.000323	0.003195	0.000000	0.000000	0.605000
543	-0.063842	0.002937	0.005262	0.000000	0.000000	0.607500
544	-0.058914	0.002644	0.001597	0.000000	0.000000	0.610000
545	-0.064239	-0.003537	-0.004575	0.000000	0.000000	0.612500
546	-0.057628	-0.001767	0.000579	0.000000	0.000000	0.615000
547	-0.051391	-0.001094	0.001356	0.000000	0.000000	0.617500
548	-0.053405	0.000863	-0.000720	0.000000	0.000000	0.620000
549	-0.058293	0.007197	0.004789	0.000000	0.000000	0.622500
550	-0.051547	-0.000336	-0.001494	0.000000	0.000000	0.625000
551	-0.051542	-0.000536	-0.000816	0.000000	0.000000	0.627500
552	-0.050336	-0.000167	0.000172	0.000000	0.000000	0.630000
553	-0.050282	0.000418	0.000334	0.000000	0.000000	0.632500
554	-0.046941	-0.000086	0.004290	0.000000	0.000000	0.635000
555	-0.052268	0.000517	-0.003030	0.000000	0.000000	0.637500
556	-0.048941	-0.000265	-0.000761	0.000000	0.000000	0.640000
557	-0.047829	-0.000868	-0.000958	0.000000	0.000000	0.642500
558	-0.047596	0.000266	-0.001658	0.000000	0.000000	0.645000
559	-0.047066	-0.000972	-0.003368	0.000000	0.000000	0.647500
560	-0.047546	-0.001159	-0.000458	0.000000	0.000000	0.650000
561	-0.047106	0.000314	-0.000867	0.000000	0.000000	0.652500
562	-0.046024	-0.000587	-0.002104	0.000000	0.000000	0.655000
563	-0.041983	-0.002312	0.000671	0.000000	0.000000	0.657500
564	-0.044767	-0.000698	-0.001824	0.000000	0.000000	0.660000
565	-0.044770	-0.001634	-0.001180	0.000000	0.000000	0.662500
566	-0.044762	-0.002582	-0.000715	0.000000	0.000000	0.665000
567	-0.046515	-0.002030	-0.002686	0.000000	0.000000	0.667500
568	-0.047546	-0.004265	-0.003327	0.000000	0.000000	0.670000
569	-0.047615	-0.000990	-0.003370	0.000000	0.000000	0.672500
570	-0.040814	-0.001033	-0.000321	0.000000	0.000000	0.675000
571	-0.038715	0.000384	-0.000844	0.000000	0.000000	0.677500
572	-0.037423	-0.001359	-0.000227	0.000000	0.000000	0.680000
573	-0.036245	0.000711	-0.001596	0.000000	0.000000	0.682500
574	-0.036266	0.000753	-0.000704	0.000000	0.000000	0.685000
575	-0.033974	-0.000430	0.001885	0.000000	0.000000	0.687500
576	-0.033914	-0.000274	0.001635	0.000000	0.000000	0.690000
577	-0.033535	-0.000029	0.001951	0.000000	0.000000	0.692500
578	-0.033695	-0.000589	0.001462	0.000000	0.000000	0.695000
579	-0.033510	-0.000234	0.002446	0.000000	0.000000	0.697500
580	-0.033478	-0.000509	0.002827	0.000000	0.000000	0.700000
581	-0.033532	-0.000333	0.002351	0.000000	0.000000	0.702500
582	-0.033030	0.000105	0.001589	0.000000	0.000000	0.705000
583	-0.032814	-0.000174	0.001903	0.000000	0.000000	0.707500
584	-0.032736	0.000224	0.001665	0.000000	0.000000	0.710000
585	-0.032083	0.001242	0.002645	0.000000	0.000000	0.712500
586	-0.031766	0.000286	0.001421	0.000000	0.000000	0.715000
587	-0.031437	-0.000041	-0.000140	0.000000	0.000000	0.717500
588	-0.031346	-0.000964	-0.000127	0.000000	0.000000	0.720000
589	-0.029403	0.000143	0.002445	0.000000	0.000000	0.722500
590	-0.029188	0.001087	0.002431	0.000000	0.000000	0.725000
591	-0.031834	0.000367	-0.002536	0.000000	0.000000	0.727500
592	-0.032076	0.000765	-0.001513	0.000000	0.000000	0.730000
593	-0.031980	0.000437	-0.002480	0.000000	0.000000	0.732500
594	-0.029151	-0.000461	0.000078	0.000000	0.000000	0.735000
595	-0.026608	-0.000074	-0.001326	0.000000	0.000000	0.737500
596	-0.027272	-0.000205	0.000583	0.000000	0.000000	0.740000
597	-0.026789	-0.000346	0.000256	0.000000	0.000000	0.742500
598	-0.026682	-0.000612	-0.000036	0.000000	0.000000	0.745000
599	-0.026483	0.000490	0.000064	0.000000	0.000000	0.747500
